No terminal, após rodar ardrone_camera_calibration.py, digitar:
 rosrun camera_calibration cameracalibrator.py --size 8x6 --square 0.03 image:=/camera/image_raw

('D = ', [-0.5029694562114594, 0.24830177015106925, -0.0026457146074694233, 5.640699842385916e-05, 0.0])
('K = ', [570.6610913520482, 0.0, 309.32829595295505, 0.0, 573.7442045483657, 167.2358073231322, 0.0, 0.0, 1.0])
('R = ', [1.0, 0.0, 0.0, 0.0, 1.0, 0.0, 0.0, 0.0, 1.0])
('P = ', [466.09857177734375, 0.0, 304.19423155301047, 0.0, 0.0, 541.3594970703125, 164.74960779266257, 0.0, 0.0, 0.0, 1.0, 0.0])
None
# oST version 5.0 parameters


[image]

width
640

height
360

[narrow_stereo]

camera matrix
570.661091 0.000000 309.328296
0.000000 573.744205 167.235807
0.000000 0.000000 1.000000

distortion
-0.502969 0.248302 -0.002646 0.000056 0.000000

rectification
1.000000 0.000000 0.000000
0.000000 1.000000 0.000000
0.000000 0.000000 1.000000

projection
466.098572 0.000000 304.194232 0.000000
0.000000 541.359497 164.749608 0.000000
0.000000 0.000000 1.000000 0.000000


//////////////////////////////////////////////////
Câmera calibrada:

camera matrix
449.616018 0.000000 282.673315
0.000000 450.589432 131.813266
0.000000 0.000000 1.000000

distortion
-0.027662 -0.021809 -0.005944 0.002063 0.000000

rectification
1.000000 0.000000 0.000000
0.000000 1.000000 0.000000
0.000000 0.000000 1.000000

projection
441.568268 0.000000 282.777552 0.000000
0.000000 447.116852 130.401162 0.000000
0.000000 0.000000 1.000000 0.000000

